255 255 255 255 255 255 255 255 255 255 255 255 255 255 255 255
255 112  64  64  64 207 207 207 255 112 207  64  64  64 112 255
255  64 239 191 191 191 112 207 191 143 191 191 191 239  64 255
255  64 191   0 191 191 112 207 191 143 191 191   0 191  64 255
255  64 191 191 143 191 191  48 191  48 191 143 191 191  64 255
255 207 191 191 191 100 239  96  96 239  96 191 191 191 207 255
255 255 159  64 191  96  96  48  16  64 143 191 112 112 255 255
255 112 159  64 191  96  48 143  64 255 143  48 255 112 112 255
255 207  96 191 239 239  16  64   0 143 191 239 112  64  64 255
255 207  96  48  96  96  64 112 143 143 143  48 255 207 207 255
255 207 191 191 191 239  48  48  48 191  96 239  64  64 207 255
255  64 191 191 143 191 143 143   0 143 239 239  64  64  64 255
255  64 191   0 191 191 207 112 159  16  64  64  64 207 207 255
255  64 239 191 191 191  16  64 207 207 255 255 112 255  64 255
255 112  64  64  64 207 112 255  64 207 255 255 112 112 112 255
255 255 255 255 255 255 255 255 255 255 255 255 255 255 255 255
255 255 255 255 255 255 255 255 255 255 255 255 255 255 255 255
255 112  64  64  64 207 207 207 255 112 207  64  64  64 112 255
255  64 239 191 191 191 112 207 191 143 191 191 191 239  64 255
255  64 191   0 191 191 112 207 191 143 191 191   0 191  64 255
255  64 191 191 143 191 191  48 191  48 191 143 191 191  64 255
255 207 191 191 191 100 239  96  96 239  96 191 191 191 207 255
255 255 159  64 191  96  96  48  16  64 143 191 112 112 255 255
255 112 159  64 191  96  48 143  64 255 143  48 255 112 112 255
255 207  96 191 239 239  16  64   0 143 191 239 112  64  64 255
255 207  96  48  96  96  64 112 143 143 143  48 255 207 207 255
255 207 191 191 191 239  48  48  48 191  96 239  64  64 207 255
255  64 191 191 143 191 143 143   0 143 239 239  64  64  64 255
255  64 191   0 191 191 207 112 159  16  64  64  64 207 207 255
255  64 239 191 191 191  16  64 207 207 255 255 112 255  64 255
255 112  64  64  64 207 112 255  64 207 255 255 112 112 112 255
255 255 255 255 255 255 255 255 255 255 255 255 255 255 255 255
255 255 255 255 255 255 255 255 255 255 255 255 255 255 255 255
255 112  64  64  64 207 207 207 255 112 207  64  64  64 112 255
255  64 239 191 191 191 112 207 191 143 191 191 191 239  64 255
255  64 191   0 191 191 112 207 191 143 191 191   0 191  64 255
255  64 191 191 143 191 191  48 191  48 191 143 191 191  64 255
255 207 191 191 191 100 239  96  96 239  96 191 191 191 207 255
255 255 159  64 191  96  96  48  16  64 143 191 112 112 255 255
255 112 159  64 191  96  48 143  64 255 143  48 255 112 112 255
255 207  96 191 239 239  16  64   0 143 191 239 112  64  64 255
255 207  96  48  96  96  64 112 143 143 143  48 255 207 207 255
255 207 191 191 191 239  48  48  48 191  96 239  64  64 207 255
255  64 191 191 143 191 143 143   0 143 239 239  64  64  64 255
255  64 191   0 191 191 207 112 159  16  64  64  64 207 207 255
255  64 239 191 191 191  16  64 207 207 255 255 112 255  64 255
255 112  64  64  64 207 112 255  64 207 255 255 112 112 112 255
255 255 255 255 255 255 255 255 255 255 255 255 255 255 255 255

255 254 254 254 254 255 255 254 254 254 255 254 255 254 254 255
254 170 129 130 135 219 233 148 116 176 168 146 220 145 170 254
254 129 159 128 145 168 173 121  97 173 140 111 196 198 169 254
254 130 128  51 138 184 179 195 172 173 106  73 110 112 142 254
254 135 145 138 132 162 143 100 141  94 114 152  88 205 227 255
255 213 154 154 161  99  65  87 109 102  99 114  55 144 202 255
255 201 123 127 125 125  89 146  99 116 121  69  33 126 179 254
255 242 187 142 114  89  39 106 122 132  82  35  81 146 143 254
255 226 201 156  93 140  77  75 122 153  78  68 113 122 189 255
255 214 168 160 155 164 125 102  69 108  90  96 144  66 155 254
255 219 166 178 167  93  97 143 123 123 117 110 134 110 158 254
254 135 145 138 132 112 116 126 157 103 115 132 138 145 135 254
254 130 128  51 138 126  78 103 146  81 145 138  51 128 130 254
254 129 159 128 145 118 112 150 158 149 187 145 128 159 129 254
254 170 129 130 135 168 206 204 211 185 176 135 130 129 170 254
255 254 254 254 254 255 255 255 255 255 255 254 254 254 254 255
255 254 254 254 254 255 255 254 254 254 255 254 255 254 254 255
254 170 129 130 135 219 233 148 116 176 168 146 220 145 170 254
254 129 159 128 145 168 173 121  97 173 140 111 196 198 169 254
254 130 128  51 138 184 179 195 172 173 106  73 110 112 142 254
254 135 145 138 132 162 143 100 141  94 114 152  88 205 227 255
255 213 154 154 161  99  65  87 109 102  99 114  55 144 202 255
255 201 123 127 125 125  89 146  99 116 121  69  33 126 179 254
255 242 187 142 114  89  39 106 122 132  82  35  81 146 143 254
255 226 201 156  93 140  77  75 122 153  78  68 113 122 189 255
255 214 168 160 155 164 125 102  69 108  90  96 144  66 155 254
255 219 166 178 167  93  97 143 123 123 117 110 134 110 158 254
254 135 145 138 132 112 116 126 157 103 115 132 138 145 135 254
254 130 128  51 138 126  78 103 146  81 145 138  51 128 130 254
254 129 159 128 145 118 112 150 158 149 187 145 128 159 129 254
254 170 129 130 135 168 206 204 211 185 176 135 130 129 170 254
255 254 254 254 254 255 255 255 255 255 255 254 254 254 254 255
255 254 254 254 254 255 255 254 254 254 255 254 255 254 254 255
254 170 129 130 135 219 233 148 116 176 168 146 220 145 170 254
254 129 159 128 145 168 173 121  97 173 140 111 196 198 169 254
254 130 128  51 138 184 179 195 172 173 106  73 110 112 142 254
254 135 145 138 132 162 143 100 141  94 114 152  88 205 227 255
255 213 154 154 161  99  65  87 109 102  99 114  55 144 202 255
255 201 123 127 125 125  89 146  99 116 121  69  33 126 179 254
255 242 187 142 114  89  39 106 122 132  82  35  81 146 143 254
255 226 201 156  93 140  77  75 122 153  78  68 113 122 189 255
255 214 168 160 155 164 125 102  69 108  90  96 144  66 155 254
255 219 166 178 167  93  97 143 123 123 117 110 134 110 158 254
254 135 145 138 132 112 116 126 157 103 115 132 138 145 135 254
254 130 128  51 138 126  78 103 146  81 145 138  51 128 130 254
254 129 159 128 145 118 112 150 158 149 187 145 128 159 129 254
254 170 129 130 135 168 206 204 211 185 176 135 130 129 170 254
255 254 254 254 254 255 255 255 255 255 255 254 254 254 254 255

255 254 254 254 255 255 254 254 255 254 254 254 254 254 254 255
254 170 169 142 227 202 179 143 189 155 158 135 130 129 170 254
254 145 198 112 205 144 126 146 122  66 110 145 128 159 129 254
255 220 196 110  88  55  33  81 113 144 134 138  51 128 130 254
254 146 111  73 152 114  69  35  68  96 110 132 138 145 135 254
255 168 140 106 114  99 121  82  78  90 117 115 145 187 176 255
254 176 173 173  94 102 116 132 153 108 123 103  81 149 185 255
254 116  97 172 141 109  99 122 122  69 123 157 146 158 211 255
254 148 121 195 100  87 146 106  75 102 143 126 103 150 204 255
255 233 173 179 143  65  89  39  77 125  97 116  78 112 206 255
255 219 168 184 162  99 125  89 140 164  93 112 126 118 168 255
254 135 145 138 132 161 125 114  93 155 167 132 138 145 135 254
254 130 128  51 138 154 127 142 156 160 178 138  51 128 130 254
254 129 159 128 145 154 123 187 201 168 166 145 128 159 129 254
254 170 129 130 135 213 201 242 226 214 219 135 130 129 170 254
255 254 254 254 254 255 255 255 255 255 255 254 254 254 254 255
255 254 254 254 255 255 254 254 255 254 254 254 254 254 254 255
254 170 169 142 227 202 179 143 189 155 158 135 130 129 170 254
254 145 198 112 205 144 126 146 122  66 110 145 128 159 129 254
255 220 196 110  88  55  33  81 113 144 134 138  51 128 130 254
254 146 111  73 152 114  69  35  68  96 110 132 138 145 135 254
255 168 140 106 114  99 121  82  78  90 117 115 145 187 176 255
254 176 173 173  94 102 116 132 153 108 123 103  81 149 185 255
254 116  97 172 141 109  99 122 122  69 123 157 146 158 211 255
254 148 121 195 100  87 146 106  75 102 143 126 103 150 204 255
255 233 173 179 143  65  89  39  77 125  97 116  78 112 206 255
255 219 168 184 162  99 125  89 140 164  93 112 126 118 168 255
254 135 145 138 132 161 125 114  93 155 167 132 138 145 135 254
254 130 128  51 138 154 127 142 156 160 178 138  51 128 130 254
254 129 159 128 145 154 123 187 201 168 166 145 128 159 129 254
254 170 129 130 135 213 201 242 226 214 219 135 130 129 170 254
255 254 254 254 254 255 255 255 255 255 255 254 254 254 254 255
255 254 254 254 255 255 254 254 255 254 254 254 254 254 254 255
254 170 169 142 227 202 179 143 189 155 158 135 130 129 170 254
254 145 198 112 205 144 126 146 122  66 110 145 128 159 129 254
255 220 196 110  88  55  33  81 113 144 134 138  51 128 130 254
254 146 111  73 152 114  69  35  68  96 110 132 138 145 135 254
255 168 140 106 114  99 121  82  78  90 117 115 145 187 176 255
254 176 173 173  94 102 116 132 153 108 123 103  81 149 185 255
254 116  97 172 141 109  99 122 122  69 123 157 146 158 211 255
254 148 121 195 100  87 146 106  75 102 143 126 103 150 204 255
255 233 173 179 143  65  89  39  77 125  97 116  78 112 206 255
255 219 168 184 162  99 125  89 140 164  93 112 126 118 168 255
254 135 145 138 132 161 125 114  93 155 167 132 138 145 135 254
254 130 128  51 138 154 127 142 156 160 178 138  51 128 130 254
254 129 159 128 145 154 123 187 201 168 166 145 128 159 129 254
254 170 129 130 135 213 201 242 226 214 219 135 130 129 170 254
255 254 254 254 254 255 255 255 255 255 255 254 254 254 254 255

255 254 254 254 254 255 255 255 255 255 255 254 254 254 254 255
254 170 129 130 135 176 185 211 204 206 168 135 130 129 170 254
254 129 159 128 145 187 149 158 150 112 118 145 128 159 129 254
254 130 128  51 138 145  81 146 103  78 126 138  51 128 130 254
254 135 145 138 132 115 103 157 126 116 112 132 138 145 135 254
254 158 110 134 110 117 123 123 143  97  93 167 178 166 219 255
254 155  66 144  96  90 108  69 102 125 164 155 160 168 214 255
255 189 122 113  68  78 153 122  75  77 140  93 156 201 226 255
254 143 146  81  35  82 132 122 106  39  89 114 142 187 242 255
254 179 126  33  69 121 116  99 146  89 125 125 127 123 201 255
255 202 144  55 114  99 102 109  87  65  99 161 154 154 213 255
255 227 205  88 152 114  94 141 100 143 162 132 138 145 135 254
254 142 112 110  73 106 173 172 195 179 184 138  51 128 130 254
254 169 198 196 111 140 173  97 121 173 168 145 128 159 129 254
254 170 145 220 146 168 176 116 148 233 219 135 130 129 170 254
255 254 254 255 254 255 254 254 254 255 255 254 254 254 254 255
255 254 254 254 254 255 255 255 255 255 255 254 254 254 254 255
254 170 129 130 135 176 185 211 204 206 168 135 130 129 170 254
254 129 159 128 145 187 149 158 150 112 118 145 128 159 129 254
254 130 128  51 138 145  81 146 103  78 126 138  51 128 130 254
254 135 145 138 132 115 103 157 126 116 112 132 138 145 135 254
254 158 110 134 110 117 123 123 143  97  93 167 178 166 219 255
254 155  66 144  96  90 108  69 102 125 164 155 160 168 214 255
255 189 122 113  68  78 153 122  75  77 140  93 156 201 226 255
254 143 146  81  35  82 132 122 106  39  89 114 142 187 242 255
254 179 126  33  69 121 116  99 146  89 125 125 127 123 201 255
255 202 144  55 114  99 102 109  87  65  99 161 154 154 213 255
255 227 205  88 152 114  94 141 100 143 162 132 138 145 135 254
254 142 112 110  73 106 173 172 195 179 184 138  51 128 130 254
254 169 198 196 111 140 173  97 121 173 168 145 128 159 129 254
254 170 145 220 146 168 176 116 148 233 219 135 130 129 170 254
255 254 254 255 254 255 254 254 254 255 255 254 254 254 254 255
255 254 254 254 254 255 255 255 255 255 255 254 254 254 254 255
254 170 129 130 135 176 185 211 204 206 168 135 130 129 170 254
254 129 159 128 145 187 149 158 150 112 118 145 128 159 129 254
254 130 128  51 138 145  81 146 103  78 126 138  51 128 130 254
254 135 145 138 132 115 103 157 126 116 112 132 138 145 135 254
254 158 110 134 110 117 123 123 143  97  93 167 178 166 219 255
254 155  66 144  96  90 108  69 102 125 164 155 160 168 214 255
255 189 122 113  68  78 153 122  75  77 140  93 156 201 226 255
254 143 146  81  35  82 132 122 106  39  89 114 142 187 242 255
254 179 126  33  69 121 116  99 146  89 125 125 127 123 201 255
255 202 144  55 114  99 102 109  87  65  99 161 154 154 213 255
255 227 205  88 152 114  94 141 100 143 162 132 138 145 135 254
254 142 112 110  73 106 173 172 195 179 184 138  51 128 130 254
254 169 198 196 111 140 173  97 121 173 168 145 128 159 129 254
254 170 145 220 146 168 176 116 148 233 219 135 130 129 170 254
255 254 254 255 254 255 254 254 254 255 255 254 254 254 254 255
